3
0,0
1,2,2
-2,2,3
-2,-3,3
1,1,1
-1,2,2
-1,-2,3
4,4,5
-4,6,6
-5,-6,7
3,4,5
-4,5,6
-5,-6,6
0,1
7,8,9,10,10
11,12,13,13,14
15,15,16,17,18
7,8,9,9,10
11,12,12,13,14
14,15,16,17,18
19,20,21,22,24
25,26,26,28,29
30,32,33,34,35
19,20,21,23,24
25,25,27,28,29
31,32,33,34,34
0,2
35,38,39,40,41,44,45
46,47,49,50,51,52,55
56,57,58,59,62,63,64
37,38,39,40,43,44,45
46,48,49,50,51,54,55
56,57,58,61,62,63,65
66,67,69,71,74,75,78
80,82,82,84,86,89,90
92,95,97,99,100,102,104
66,68,70,73,74,77,79
81,81,83,85,88,89,91
94,96,98,99,101,103,103
0,3
104,107,109,112,113,116,119,122,123
125,127,129,130,132,135,138,139,142
144,145,147,150,153,154,157,159,161
106,108,111,112,115,118,121,122,124
126,128,129,131,134,137,138,141,143
144,146,149,152,153,156,158,160,162
163,165,167,170,174,177,179,181,185
187,189,189,193,195,198,200,204,206
208,212,214,217,219,223,225,227,229
164,166,169,173,176,178,180,184,186
188,188,192,194,197,199,203,205,207
211,213,216,218,222,224,226,228,228
1,1
229,232,233,234,235
-232,236,238,239,240
-233,-238,243,246,247
-234,-239,-246,248,251
-235,-240,-247,-251,252
231,232,233,234,235
-232,237,238,239,242
-233,-238,245,246,247
-234,-239,-246,250,251
-235,-242,-247,-251,253
254,254,256,260,264
-254,266,266,268,270
-256,-266,271,271,275
-260,-268,-271,277,277
-264,-270,-275,-277,279
253,255,259,263,265
-255,265,267,269,270
-259,-267,270,274,276
-263,-269,-274,276,278
-265,-270,-276,-278,278
1,2
279,282,284,287,288,291,294
295,297,299,300,302,305,308
311,314,315,318,321,324,325
327,328,330,333,336,337,340
342,345,348,349,352,354,356
281,283,286,287,290,293,294
296,298,299,301,304,307,310
313,314,317,320,323,324,326
327,329,332,335,336,339,341
344,347,348,351,353,355,357
358,360,362,364,370,374,378
382,384,384,388,390,393,395
397,401,405,407,411,413,419
421,427,429,431,433,439,441
443,446,448,452,454,456,458
359,361,363,369,373,377,381
383,383,387,389,392,394,396
400,404,406,410,412,418,420
426,428,430,432,438,440,442
445,447,451,453,455,457,457
1,3
458,463,465,468,470,477,480,483,486
488,490,493,495,497,500,505,508,511
516,519,521,528,531,534,537,542,544
546,548,550,553,558,561,564,566,571
573,576,581,584,587,589,594,596,598
462,464,467,469,476,479,482,485,487
489,492,494,496,499,504,507,510,515
518,520,527,530,533,536,541,543,545
547,549,552,557,560,563,565,570,572
575,580,583,586,588,593,595,597,600
601,603,606,613,620,622,629,635,641
645,648,648,652,655,661,663,667,671
673,679,683,685,691,698,705,707,714
717,724,727,734,736,743,743,750,752
755,759,761,767,771,775,777,780,783
602,605,612,619,621,628,634,640,644
647,647,651,654,660,662,666,670,672
678,682,684,690,697,704,706,713,716
723,726,733,735,742,742,749,751,754
758,760,766,770,774,776,779,782,782
2,2
783,788,790,793,795,802,805
-788,808,811,813,815,818,823
-790,-811,826,833,836,839,842
-793,-813,-833,844,849,852,855
-795,-815,-836,-849,860,865,867
-802,-818,-839,-852,-865,869,874
-805,-823,-842,-855,-867,-874,876
787,789,792,794,801,804,807
-789,810,812,814,817,822,825
-792,-812,832,835,838,841,843
-794,-814,-835,848,851,854,859
-801,-817,-838,-851,864,866,868
-804,-822,-841,-854,-866,873,875
-807,-825,-843,-859,-868,-875,878
879,879,882,889,896,899,906
-879,912,912,916,919,925,927
-882,-912,931,931,938,945,952
-889,-916,-931,956,956,963,967
-896,-919,-938,-956,969,969,976
-899,-925,-945,-963,-969,979,979
-906,-927,-952,-967,-976,-979,982
878,881,888,895,898,905,911
-881,911,915,918,924,926,930
-888,-915,930,937,944,951,955
-895,-918,-937,955,962,966,968
-898,-924,-944,-962,968,975,978
-905,-926,-951,-966,-975,978,981
-911,-930,-955,-968,-978,-981,981
2,3
982,987,990,995,997,1004,1009,1016,1019
1024,1027,1030,1032,1035,1040,1045,1048,1053
1058,1063,1065,1072,1077,1084,1087,1092,1097
1099,1101,1104,1109,1114,1117,1122,1127,1132
1137,1144,1149,1156,1159,1164,1169,1174,1176
1179,1184,1189,1192,1197,1202,1207,1209,1214
1217,1220,1225,1230,1235,1237,1242,1245,1248
986,989,994,996,1003,1008,1015,1018,1023
1026,1029,1031,1034,1039,1044,1047,1052,1057
1062,1064,1071,1076,1083,1086,1091,1096,1098
1100,1103,1108,1113,1116,1121,1126,1131,1136
1143,1148,1155,1158,1163,1168,1173,1175,1178
1183,1188,1191,1196,1201,1206,1208,1213,1216
1219,1224,1229,1234,1236,1241,1244,1247,1250
1251,1254,1257,1262,1271,1278,1284,1291,1302
1308,1311,1311,1317,1320,1326,1329,1337,1341
1345,1352,1358,1362,1369,1373,1379,1386,1393
1399,1408,1411,1416,1419,1430,1434,1441,1445
1448,1455,1461,1468,1479,1484,1490,1493,1502
1505,1512,1515,1526,1530,1535,1539,1548,1551
1554,1562,1566,1572,1576,1582,1585,1588,1591
1253,1256,1261,1270,1277,1283,1290,1301,1307
1310,1310,1316,1319,1325,1328,1336,1340,1344
1351,1357,1361,1368,1372,1378,1385,1392,1398
1407,1410,1415,1418,1429,1433,1440,1444,1447
1454,1460,1467,1478,1483,1489,1492,1501,1504
1511,1514,1525,1529,1534,1538,1547,1550,1553
1561,1565,1571,1575,1581,1584,1587,1590,1590
3,3
1591,1598,1601,1606,1609,1620,1625,1632,1637
-1598,1642,1646,1649,1652,1657,1664,1669,1674
-1601,-1646,1682,1693,1698,1705,1710,1721,1726
-1606,-1649,-1693,1731,1738,1743,1748,1753,1761
-1609,-1652,-1698,-1738,1766,1777,1782,1787,1792
-1620,-1657,-1705,-1743,-1777,1795,1803,1808,1813
-1625,-1664,-1710,-1748,-1782,-1803,1820,1827,1830
-1632,-1669,-1721,-1753,-1787,-1808,-1827,1833,1840
-1637,-1674,-1726,-1761,-1792,-1813,-1830,-1840,1843
1597,1600,1605,1608,1619,1624,1631,1636,1641
-1600,1645,1648,1651,1656,1663,1668,1673,1681
-1605,-1648,1692,1697,1704,1709,1720,1725,1730
-1608,-1651,-1697,1737,1742,1747,1752,1760,1765
-1619,-1656,-1704,-1742,1776,1781,1786,1791,1794
-1624,-1663,-1709,-1747,-1781,1802,1807,1812,1819
-1631,-1668,-1720,-1752,-1786,-1807,1826,1829,1832
-1636,-1673,-1725,-1760,-1791,-1812,-1829,1839,1842
-1641,-1681,-1730,-1765,-1794,-1819,-1832,-1842,1846
1847,1848,1852,1862,1872,1879,1889,1900,1912
-1848,1920,1920,1926,1930,1939,1942,1950,1956
-1852,-1920,1960,1960,1970,1982,1994,2001,2013
-1862,-1926,-1960,2022,2023,2035,2041,2052,2056
-1872,-1930,-1970,-2023,2062,2062,2074,2084,2094
-1879,-1939,-1982,-2035,-2062,2100,2100,2110,2116
-1889,-1942,-1994,-2041,-2074,-2100,2119,2120,2130
-1900,-1950,-2001,-2052,-2084,-2110,-2120,2134,2135
-1912,-1956,-2013,-2056,-2094,-2116,-2130,-2135,2139
1847,1851,1861,1871,1878,1888,1899,1911,1919
-1851,1919,1925,1929,1938,1941,1949,1955,1959
-1861,-1925,1959,1969,1981,1993,2000,2012,2021
-1871,-1929,-1969,2022,2034,2040,2051,2055,2061
-1878,-1938,-1981,-2034,2061,2073,2083,2093,2099
-1888,-1941,-1993,-2040,-2073,2099,2109,2115,2118
-1899,-1949,-2000,-2051,-2083,-2109,2119,2129,2133
-1911,-1955,-2012,-2055,-2093,-2115,-2129,2134,2138
-1919,-1959,-2021,-2061,-2099,-2118,-2133,-2138,2138
2
2139
2140
2142
2143
2144
2139
2141
2142
2143
2145
3
2146
2148
2150
2151
2153
2155
2157
2147
2149
2150
2152
2154
2156
2158
4
2159
2161
2164
2166
2168
2170
2174
2176
2178
2160
2163
2165
2167
2169
2173
2175
2177
2180
5
2181
2184
2187
2189
2192
2196
2200
2202
2206
2209
2212
2183
2186
2188
2191
2195
2199
2201
2205
2208
2211
2214
6
2215
2218
2222
2225
2228
2232
2238
2242
2246
2249
2255
2258
2261
2217
2221
2224
2227
2231
2237
2241
2245
2248
2254
2257
2260
2264
7
2265
2269
2273
2276
2280
2286
2292
2296
2302
2308
2314
2317
2323
2327
2331
2268
2272
2275
2279
2285
2291
2295
2301
2307
2313
2316
2322
2326
2330
2334
8
2335
2339
2344
2348
2352
2358
2366
2372
2378
2384
2393
2399
2405
2409
2417
2421
2425
2338
2343
2347
2351
2357
2365
2371
2377
2383
2392
2398
2404
2408
2416
2420
2424
2429
2429
1,0,0,0
1,0,0,0
1,0,0,0
-1,1,0,0
1,0,1,0
-1,0,0,1
0.5,0,1,0
-0.3333333333,0,0,1
0.5,1,0,0
-0.3333333333,0,0,1
0.5,0,0,1
0.6666666667,0,1,0
0.5,1,0,0
-0.3333333333,0,1,0
-0.3333333333,1,0,0
0.5,0,0,1
0.5,0,1,0
0.6666666667,1,0,0
-0.5,1,0,1
-1,1,1,0
0.5,0,1,1
-0.5,2,0,0
0.5,0,2,0
1,1,1,0
0.5,1,1,0
0.5,2,0,0
-0.5,0,0,2
-0.5,0,1,1
-1,1,0,1
-0.5,0,2,0
0.5,0,0,2
1,0,1,1
-0.5,1,1,0
0.5,1,0,1
0.3333333333,0,2,0
-0.06666666667,0,0,0
-0.1333333333,0,0,2
-0.4,0,1,1
0.3333333333,1,1,0
-0.1333333333,1,0,1
0.3333333333,2,0,0
-0.06666666667,0,0,0
-0.1333333333,0,0,2
-0.1333333333,0,1,1
-0.4,1,0,1
0.5333333333,0,1,1
0.6,0,2,0
-0.2,0,0,0
0.3333333333,1,0,1
0.5333333333,1,1,0
-0.1333333333,0,1,1
0.3333333333,2,0,0
-0.06666666667,0,0,0
-0.1333333333,0,2,0
-0.4,1,1,0
-0.1333333333,1,0,1
-0.4,1,1,0
0.3333333333,0,1,1
0.3333333333,0,2,0
-0.06666666667,0,0,0
-0.1333333333,2,0,0
0.5333333333,1,0,1
0.5333333333,1,1,0
0.6,2,0,0
-0.2,0,0,0
-0.6666666667,1,1,1
-1,1,2,0
0.2,1,0,0
-0.3333333333,2,0,1
0.3333333333,0,2,1
-0.6666666667,2,1,0
0.3333333333,0,3,0
-0.06666666667,0,1,0
0.6666666667,1,1,1
-0.3333333333,3,0,0
0.6666666667,1,2,0
0.06666666667,1,0,0
1,2,1,0
-0.2,0,1,0
0.3333333333,1,2,0
-0.06666666667,1,0,0
0.3333333333,2,1,0
-0.3333333333,0,1,2
-0.3333333333,0,2,1
0.06666666667,0,0,1
0.3333333333,3,0,0
-0.6666666667,1,0,2
-0.06666666667,1,0,0
-0.6666666667,1,1,1
-1,2,0,1
0.2,0,0,1
-0.3333333333,0,3,0
0.6666666667,0,1,2
0.06666666667,0,1,0
1,0,2,1
-0.2,0,0,1
-0.3333333333,1,2,0
0.3333333333,1,0,2
0.6666666667,1,1,1
-0.3333333333,2,1,0
0.06666666667,0,1,0
0.3333333333,2,0,1
-0.06666666667,0,0,1
0.25,0,3,0
-0.1071428571,0,1,0
-0.2142857143,0,1,2
-0.4285714286,0,2,1
0.08571428571,0,0,1
0.25,1,2,0
-0.03571428571,1,0,0
-0.07142857143,1,0,2
-0.2142857143,1,1,1
0.25,2,1,0
-0.03571428571,0,1,0
-0.07142857143,0,1,2
-0.07142857143,2,0,1
-0.07142857143,0,2,1
0.02857142857,0,0,1
0.25,3,0,0
-0.1071428571,1,0,0
-0.2142857143,1,0,2
-0.2142857143,1,1,1
-0.4285714286,2,0,1
0.08571428571,0,0,1
0.5357142857,0,2,1
-0.1071428571,0,0,1
0.5714285714,0,3,0
-0.3428571429,0,1,0
0.4285714286,1,1,1
0.5357142857,1,2,0
-0.1071428571,1,0,0
0.25,2,0,1
-0.03571428571,0,0,1
-0.07142857143,0,2,1
0.4285714286,2,1,0
-0.04285714286,0,1,0
-0.07142857143,0,3,0
-0.2142857143,1,1,1
0.25,3,0,0
-0.1071428571,1,0,0
-0.2142857143,1,2,0
-0.4285714286,2,1,0
0.08571428571,0,1,0
-0.2142857143,1,1,1
-0.4285714286,1,2,0
0.08571428571,1,0,0
0.25,0,2,1
-0.03571428571,0,0,1
-0.07142857143,2,0,1
0.25,0,3,0
-0.1071428571,0,1,0
-0.2142857143,2,1,0
0.4285714286,1,1,1
0.4285714286,1,2,0
-0.04285714286,1,0,0
-0.07142857143,3,0,0
0.5357142857,2,0,1
-0.1071428571,0,0,1
0.5357142857,2,1,0
-0.1071428571,0,1,0
0.5714285714,3,0,0
-0.3428571429,1,0,0
-0.75,1,2,1
0.1071428571,1,0,1
-1,1,3,0
0.4285714286,1,1,0
-0.5,2,1,1
0.25,0,3,1
-0.03571428571,0,1,1
-0.75,2,2,0
0.25,0,4,0
0.1071428571,2,0,0
-0.1071428571,0,2,0
-0.25,3,0,1
0.5,1,2,1
0.03571428571,1,0,1
-0.5,3,1,0
0.5,1,3,0
0.75,2,1,1
-0.1071428571,0,1,1
-0.25,4,0,0
0.75,2,2,0
0.1071428571,2,0,0
-0.1071428571,0,2,0
1,3,1,0
-0.4285714286,1,1,0
0.25,1,3,0
-0.1071428571,1,1,0
0.25,2,2,0
-0.25,0,2,2
-0.03571428571,2,0,0
0.03571428571,0,0,2
-0.25,0,3,1
0.1071428571,0,1,1
0.25,3,1,0
-0.5,1,1,2
-0.03571428571,1,1,0
-0.5,1,2,1
0.07142857143,1,0,1
0.25,4,0,0
-0.75,2,0,2
-0.1071428571,2,0,0
0.1071428571,0,0,2
-0.75,2,1,1
0.1071428571,0,1,1
-1,3,0,1
0.4285714286,1,0,1
-0.25,0,4,0
0.75,0,2,2
0.1071428571,0,2,0
-0.1071428571,0,0,2
1,0,3,1
-0.4285714286,0,1,1
-0.25,1,3,0
0.5,1,1,2
0.03571428571,1,1,0
0.75,1,2,1
-0.1071428571,1,0,1
-0.25,2,2,0
0.25,2,0,2
0.03571428571,0,2,0
-0.03571428571,0,0,2
0.5,2,1,1
-0.07142857143,0,1,1
-0.25,3,1,0
0.1071428571,1,1,0
0.25,3,0,1
-0.1071428571,1,0,1
0.25,0,2,0
0.25,0,0,2
-0.1666666667,0,0,0
0.1666666667,0,1,1
0.25,1,1,0
0.25,1,0,1
-0.3333333333,0,1,1
0.3333333333,0,2,0
-0.1111111111,0,0,0
-0.3333333333,1,0,1
0.1666666667,1,1,0
-0.3333333333,0,2,0
0.2222222222,0,0,0
-0.3333333333,2,0,0
0.25,2,0,0
0.25,0,0,2
-0.1666666667,0,0,0
0.25,0,1,1
0.1666666667,1,0,1
0.25,2,0,0
0.25,0,2,0
-0.1666666667,0,0,0
0.1666666667,1,1,0
0.3333333333,2,0,0
-0.1111111111,0,0,0
-0.5,1,2,0
0.1,1,0,0
0.25,2,0,1
0.25,0,2,1
-0.25,0,0,3
0.05,0,0,1
-0.25,2,1,0
0.25,0,3,0
-0.25,0,1,2
-0.05,0,1,0
0.5,1,2,0
-0.5,1,0,2
0.5,2,1,0
-0.5,0,1,2
-0.5,0,2,1
0.1,0,0,1
-1,1,1,1
-0.25,3,0,0
0.25,1,0,2
0.25,1,2,0
0.05,1,0,0
0.5,2,1,0
-0.1,0,1,0
-0.5,2,0,1
0.1,0,0,1
0.1666666667,0,3,0
0.2,0,1,2
-0.14,0,1,0
0.1,0,2,1
-0.02,0,0,1
0.1666666667,1,2,0
0.1666666667,1,0,2
-0.06666666667,1,0,0
0.2,1,1,1
0.1666666667,2,1,0
-0.006666666667,0,1,0
-0.1333333333,0,1,2
0.1666666667,2,0,1
-0.006666666667,0,0,1
-0.1333333333,0,2,1
-0.4,1,1,1
0.2,0,2,1
-0.04,0,0,1
0.2666666667,0,3,0
-0.16,0,1,0
5.551115123E-17,1,1,1
0.2,1,2,0
-0.04,1,0,0
-0.1333333333,0,2,1
0.09333333333,0,0,1
-0.3333333333,2,0,1
5.551115123E-17,2,1,0
0.08,0,1,0
-0.1333333333,0,3,0
-0.4,1,2,0
0.28,1,0,0
-0.3333333333,3,0,0
0.1666666667,1,2,0
-0.006666666667,1,0,0
-0.1333333333,1,0,2
-0.4,1,1,1
0.1666666667,2,1,0
0.1666666667,0,1,2
-0.06666666667,0,1,0
0.1666666667,0,2,1
-0.006666666667,0,0,1
-0.1333333333,2,0,1
0.1666666667,3,0,0
0.2,1,0,2
-0.14,1,0,0
0.2,1,1,1
0.1,2,0,1
-0.02,0,0,1
0.2,1,1,1
0.1,1,2,0
-0.02,1,0,0
0.1666666667,2,0,1
0.1666666667,0,2,1
-0.06666666667,0,0,1
0.2,2,1,0
0.1666666667,0,3,0
-0.14,0,1,0
0.2,1,1,1
0.1666666667,3,0,0
0.2,1,2,0
-0.14,1,0,0
0.1,2,1,0
-0.02,0,1,0
-0.1333333333,2,0,1
0.09333333333,0,0,1
-0.3333333333,0,2,1
-0.4,2,1,0
0.28,0,1,0
-0.3333333333,0,3,0
5.551115123E-17,1,1,1
5.551115123E-17,1,2,0
0.08,1,0,0
-0.1333333333,3,0,0
0.2,2,0,1
-0.04,0,0,1
0.2,2,1,0
-0.04,0,1,0
0.2666666667,3,0,0
-0.16,1,0,0
-0.1666666667,1,2,1
0.02380952381,1,0,1
-0.5,1,3,0
0.2142857143,1,1,0
0.1666666667,0,3,1
-0.1666666667,0,1,3
-0.3333333333,2,2,0
0.1666666667,0,4,0
-0.1666666667,0,2,2
0.04761904762,2,0,0
-0.07142857143,0,2,0
0.02380952381,0,0,2
0.1666666667,3,0,1
0.3333333333,1,2,1
-0.3333333333,1,0,3
0.02380952381,1,0,1
-0.1666666667,3,1,0
0.3333333333,1,3,0
-0.3333333333,1,1,2
-0.02380952381,1,1,0
0.5,2,2,0
-0.5,2,0,2
-0.07142857143,0,2,0
0.07142857143,0,0,2
0.3333333333,1,3,0
-0.1428571429,1,1,0
0.3333333333,2,2,0
-0.3333333333,0,2,2
-0.04761904762,2,0,0
0.04761904762,0,0,2
-0.3333333333,0,3,1
0.1428571429,0,1,1
0.3333333333,3,1,0
-0.6666666667,1,1,2
-0.04761904762,1,1,0
-0.6666666667,1,2,1
0.09523809524,1,0,1
-1,2,1,1
0.1428571429,0,1,1
-0.1666666667,0,3,1
-0.3333333333,2,1,1
0.3333333333,0,1,3
-0.02380952381,0,1,1
-0.5,2,2,0
0.5,0,2,2
0.07142857143,2,0,0
-0.07142857143,0,0,2
-0.1666666667,3,0,1
0.1666666667,1,0,3
-0.3333333333,3,1,0
0.3333333333,1,1,2
0.1666666667,1,3,0
0.02380952381,1,1,0
0.1666666667,2,1,1
-0.02380952381,0,1,1
-0.1666666667,4,0,0
0.1666666667,2,0,2
0.3333333333,2,2,0
0.07142857143,2,0,0
-0.04761904762,0,2,0
-0.02380952381,0,0,2
0.5,3,1,0
-0.2142857143,1,1,0
0.1666666667,2,2,0
-0.1666666667,0,4,0
0.3333333333,0,2,2
0.07142857143,0,2,0
-0.04761904762,0,0,2
-0.02380952381,2,0,0
0.5,0,3,1
-0.2142857143,0,1,1
0.1666666667,3,1,0
-0.1666666667,1,3,0
0.1666666667,1,2,1
-0.02380952381,1,0,1
0.1666666667,4,0,0
-0.1666666667,2,2,0
-0.3333333333,2,0,2
-0.07142857143,2,0,0
0.04761904762,0,0,2
0.02380952381,0,2,0
-0.1666666667,2,1,1
0.02380952381,0,1,1
-0.5,3,0,1
0.2142857143,1,0,1
-0.3333333333,1,3,0
0.6666666667,1,1,2
0.04761904762,1,1,0
1,1,2,1
-0.1428571429,1,0,1
-0.3333333333,2,2,0
0.3333333333,2,0,2
0.04761904762,0,2,0
-0.04761904762,0,0,2
0.6666666667,2,1,1
-0.09523809524,0,1,1
-0.3333333333,3,1,0
0.1428571429,1,1,0
0.3333333333,3,0,1
-0.1428571429,1,0,1
0.125,0,4,0
0.1607142857,0,2,2
-0.1301020408,0,2,0
-0.02295918367,0,0,2
0.01530612245,0,0,0
0.07142857143,0,3,1
-0.0306122449,0,1,1
0.125,1,3,0
0.1785714286,1,1,2
-0.07908163265,1,1,0
0.1607142857,1,2,1
-0.02295918367,1,0,1
0.125,2,2,0
0.125,2,0,2
-0.03571428571,2,0,0
-0.007653061224,0,2,0
-0.007653061224,0,0,2
0.005102040816,0,0,0
-0.07142857143,0,2,2
0.1785714286,2,1,1
0.005102040816,0,1,1
-0.07142857143,0,3,1
0.125,3,1,0
-0.02295918367,1,1,0
-0.2142857143,1,1,2
0.125,3,0,1
-0.02295918367,1,0,1
-0.2142857143,1,2,1
-0.4285714286,2,1,1
0.0612244898,0,1,1
0.2023809524,0,3,1
-0.08673469388,0,1,1
0.2380952381,0,4,0
-0.2040816327,0,2,0
0.02040816327,0,0,0
0.09523809524,1,2,1
-0.01360544218,1,0,1
0.2023809524,1,3,0
-0.08673469388,1,1,0
-0.08333333333,2,1,1
0.0425170068,0,1,1
-0.07142857143,0,3,1
0.09523809524,2,2,0
-0.01360544218,2,0,0
0.04761904762,0,2,0
-0.003401360544,0,0,0
-0.07142857143,0,4,0
-0.2142857143,1,2,1
0.1734693878,1,0,1
-0.3333333333,3,0,1
-0.08333333333,3,1,0
0.1275510204,1,1,0
-0.2142857143,1,3,0
-0.4285714286,2,2,0
0.3469387755,2,0,0
0.0612244898,0,2,0
-0.04081632653,0,0,0
-0.3333333333,4,0,0
0.125,1,3,0
-0.02295918367,1,1,0
-0.2142857143,1,1,2
-0.4285714286,1,2,1
0.0612244898,1,0,1
0.125,2,2,0
0.125,0,2,2
-0.03571428571,0,2,0
-0.007653061224,2,0,0
-0.007653061224,0,0,2
0.005102040816,0,0,0
-0.07142857143,2,0,2
0.125,0,3,1
-0.02295918367,0,1,1
-0.2142857143,2,1,1
0.125,3,1,0
0.1785714286,1,1,2
-0.07908163265,1,1,0
0.1785714286,1,2,1
0.005102040816,1,0,1
-0.07142857143,3,0,1
0.125,4,0,0
0.1607142857,2,0,2
-0.1301020408,2,0,0
-0.02295918367,0,0,2
0.01530612245,0,0,0
0.1607142857,2,1,1
-0.02295918367,0,1,1
0.07142857143,3,0,1
-0.0306122449,1,0,1
0.1607142857,1,2,1
-0.02295918367,1,0,1
0.07142857143,1,3,0
-0.0306122449,1,1,0
0.1785714286,2,1,1
0.125,0,3,1
-0.07908163265,0,1,1
0.1607142857,2,2,0
0.125,0,4,0
-0.1301020408,0,2,0
-0.02295918367,2,0,0
0.01530612245,0,0,0
0.125,3,0,1
0.1785714286,1,2,1
-0.07908163265,1,0,1
0.1785714286,3,1,0
0.1785714286,1,3,0
-0.1530612245,1,1,0
0.1607142857,2,1,1
-0.02295918367,0,1,1
0.125,4,0,0
0.1607142857,2,2,0
-0.1301020408,2,0,0
-0.02295918367,0,2,0
0.01530612245,0,0,0
0.07142857143,3,1,0
-0.0306122449,1,1,0
-0.2142857143,2,1,1
0.1734693878,0,1,1
-0.3333333333,0,3,1
-0.4285714286,2,2,0
0.3469387755,0,2,0
0.0612244898,2,0,0
-0.04081632653,0,0,0
-0.3333333333,0,4,0
-0.08333333333,1,2,1
0.0425170068,1,0,1
-0.07142857143,3,0,1
-0.08333333333,1,3,0
0.1275510204,1,1,0
-0.2142857143,3,1,0
0.09523809524,2,1,1
-0.01360544218,0,1,1
0.09523809524,2,2,0
-0.01360544218,0,2,0
0.04761904762,2,0,0
-0.003401360544,0,0,0
-0.07142857143,4,0,0
0.2023809524,3,0,1
-0.08673469388,1,0,1
0.2023809524,3,1,0
-0.08673469388,1,1,0
0.2380952381,4,0,0
-0.2040816327,2,0,0
0.02040816327,0,0,0
-0.25,1,3,1
0.08333333333,1,1,1
-0.5,1,4,0
0.3333333333,1,2,0
-0.02380952381,1,0,0
-0.125,2,2,1
0.125,0,4,1
-0.125,0,2,3
0.01388888889,2,0,1
-0.02777777778,0,2,1
0.01388888889,0,0,3
-0.001984126984,0,0,1
-0.375,2,3,0
0.125,0,5,0
-0.125,0,3,2
0.125,2,1,0
-0.08333333333,0,3,0
0.04166666667,0,1,2
0.005952380952,0,1,0
0.25,1,3,1
-0.25,1,1,3
-0.25,3,2,0
0.25,1,4,0
-0.25,1,2,2
0.02777777778,3,0,0
-0.05555555556,1,2,0
0.02777777778,1,0,2
-0.003968253968,1,0,0
0.125,4,0,1
0.375,2,2,1
-0.375,2,0,3
-0.04166666667,0,2,1
0.04166666667,0,0,3
-0.005952380952,0,0,1
-0.125,4,1,0
0.375,2,3,0
-0.375,2,1,2
-0.04166666667,0,3,0
0.04166666667,0,1,2
0.005952380952,0,1,0
0.5,3,2,0
-0.5,3,0,2
-0.1666666667,1,2,0
0.1666666667,1,0,2
0.25,1,4,0
-0.1666666667,1,2,0
0.0119047619,1,0,0
0.25,2,3,0
-0.25,0,3,2
-0.08333333333,2,1,0
0.08333333333,0,1,2
-0.25,0,4,1
0.1666666667,0,2,1
-0.0119047619,0,0,1
0.25,3,2,0
-0.5,1,2,2
-0.02777777778,3,0,0
0.05555555556,1,0,2
-0.02777777778,1,2,0
0.003968253968,1,0,0
-0.5,1,3,1
0.1666666667,1,1,1
0.25,4,1,0
-0.75,2,1,2
-0.08333333333,2,1,0
0.08333333333,0,1,2
-0.75,2,2,1
0.08333333333,2,0,1
0.08333333333,0,2,1
-0.0119047619,0,0,1
-1,3,1,1
0.3333333333,1,1,1
-0.125,0,4,1
-0.375,2,2,1
0.375,0,2,3
0.04166666667,2,0,1
-0.04166666667,0,0,3
0.005952380952,0,0,1
-0.5,2,3,0
0.5,0,3,2
0.1666666667,2,1,0
-0.1666666667,0,1,2
-0.25,3,1,1
0.25,1,1,3
-0.375,3,2,0
0.375,1,2,2
0.125,1,4,0
0.04166666667,3,0,0
-0.04166666667,1,0,2
-0.005952380952,1,0,0
0.125,2,2,1
-0.125,4,0,1
0.125,2,0,3
0.02777777778,2,0,1
-0.01388888889,0,2,1
-0.01388888889,0,0,3
0.001984126984,0,0,1
-0.25,4,1,0
0.25,2,1,2
0.25,2,3,0
0.05555555556,2,1,0
-0.02777777778,0,3,0
-0.02777777778,0,1,2
0.003968253968,0,1,0
0.25,3,1,1
-0.08333333333,1,1,1
-0.125,5,0,0
0.125,3,0,2
0.375,3,2,0
0.08333333333,3,0,0
-0.125,1,2,0
-0.04166666667,1,0,2
-0.005952380952,1,0,0
0.5,4,1,0
-0.3333333333,2,1,0
0.02380952381,0,1,0
0.125,2,3,0
-0.125,0,5,0
0.375,0,3,2
0.08333333333,0,3,0
-0.125,0,1,2
-0.04166666667,2,1,0
-0.005952380952,0,1,0
0.5,0,4,1
-0.3333333333,0,2,1
0.02380952381,0,0,1
0.125,3,2,0
-0.125,1,4,0
0.125,1,2,2
0.02777777778,1,2,0
-0.01388888889,1,0,2
-0.01388888889,3,0,0
0.001984126984,1,0,0
0.25,1,3,1
-0.08333333333,1,1,1
0.125,4,1,0
-0.125,2,3,0
-0.125,2,1,2
-0.02777777778,2,1,0
0.01388888889,0,1,2
0.01388888889,0,3,0
-0.001984126984,0,1,0
0.125,5,0,0
-0.125,3,2,0
-0.375,3,0,2
-0.08333333333,3,0,0
0.125,1,0,2
0.04166666667,1,2,0
0.005952380952,1,0,0
-0.25,3,1,1
0.08333333333,1,1,1
-0.5,4,0,1
0.3333333333,2,0,1
-0.02380952381,0,0,1
-0.25,1,4,0
0.75,1,2,2
0.08333333333,1,2,0
-0.08333333333,1,0,2
1,1,3,1
-0.3333333333,1,1,1
-0.25,2,3,0
0.5,2,1,2
0.02777777778,0,3,0
-0.05555555556,0,1,2
0.02777777778,2,1,0
-0.003968253968,0,1,0
0.75,2,2,1
-0.08333333333,0,2,1
-0.08333333333,2,0,1
0.0119047619,0,0,1
-0.25,3,2,0
0.25,3,0,2
0.08333333333,1,2,0
-0.08333333333,1,0,2
0.5,3,1,1
-0.1666666667,1,1,1
-0.25,4,1,0
0.1666666667,2,1,0
-0.0119047619,0,1,0
0.25,4,0,1
-0.1666666667,2,0,1
0.0119047619,0,0,1
0.1111111111,0,4,0
0.1777777778,0,2,2
-0.1206349206,0,2,0
-0.0253968254,0,0,2
0.0146031746,0,0,0
0.1333333333,0,3,1
-0.05714285714,0,1,1
0.1111111111,1,3,0
0.08888888889,1,1,2
-0.06031746032,1,1,0
0.1777777778,1,2,1
-0.0253968254,1,0,1
0.1111111111,2,2,0
0.003174603175,0,2,0
0.003174603175,2,0,0
-0.004444444444,0,0,0
-0.1333333333,0,2,2
0.0380952381,0,0,2
-0.1333333333,2,0,2
0.08888888889,2,1,1
0.04444444444,0,1,1
-0.1333333333,0,3,1
-0.4,1,2,1
0.1142857143,1,0,1
-0.1333333333,3,0,1
0.2,0,4,0
-0.1714285714,0,2,0
0.01714285714,0,0,0
-0.06666666667,1,2,1
0.009523809524,1,0,1
0.1333333333,1,3,0
-0.05714285714,1,1,0
-0.1333333333,0,3,1
0.1142857143,0,1,1
-0.4,2,1,1
-0.06666666667,2,2,0
0.1238095238,0,2,0
0.009523809524,2,0,0
-0.01333333333,0,0,0
-0.1333333333,0,4,0
-0.4,1,3,0
0.3428571429,1,1,0
-0.4,3,1,0
0.1111111111,2,2,0
0.1111111111,2,0,2
0.1111111111,0,2,2
-0.03174603175,2,0,0
-0.03174603175,0,2,0
-0.03174603175,0,0,2
0.009523809524,0,0,0
0.08888888889,2,1,1
0.1111111111,0,3,1
-0.06031746032,0,1,1
0.1111111111,3,1,0
0.08888888889,1,1,2
-0.06031746032,1,1,0
0.1111111111,3,0,1
0.08888888889,1,2,1
-0.06031746032,1,0,1
-0.06666666667,2,1,1
0.009523809524,0,1,1
0.1777777778,2,2,0
0.1111111111,0,4,0
-0.1206349206,0,2,0
-0.0253968254,2,0,0
0.0146031746,0,0,0
0.08888888889,1,2,1
0.04444444444,1,0,1
-0.1333333333,3,0,1
0.08888888889,3,1,0
0.08888888889,1,3,0
-0.07619047619,1,1,0
-0.06666666667,2,2,0
0.009523809524,0,2,0
0.1238095238,2,0,0
-0.01333333333,0,0,0
-0.1333333333,4,0,0
0.1111111111,4,0,0
0.1777777778,2,0,2
-0.1206349206,2,0,0
-0.0253968254,0,0,2
0.0146031746,0,0,0
0.1777777778,2,1,1
-0.0253968254,0,1,1
0.1333333333,3,0,1
-0.05714285714,1,0,1
0.1111111111,4,0,0
0.1777777778,2,2,0
-0.1206349206,2,0,0
-0.0253968254,0,2,0
0.0146031746,0,0,0
0.1333333333,3,1,0
-0.05714285714,1,1,0
0.2,4,0,0
-0.1714285714,2,0,0
0.01714285714,0,0,0
-0.3333333333,1,4,0
0.2222222222,1,2,0
-0.01587301587,1,0,0
0.1111111111,2,2,1
0.1111111111,0,4,1
-0.2222222222,0,2,3
-0.01234567901,2,0,1
-0.01234567901,0,2,1
0.02469135802,0,0,3
-0.003527336861,0,0,1
-0.2222222222,2,3,0
0.1111111111,0,5,0
-0.2222222222,0,3,2
0.07407407407,2,1,0
-0.07407407407,0,3,0
0.07407407407,0,1,2
0.005291005291,0,1,0
0.2222222222,3,1,1
0.2222222222,1,3,1
-0.4444444444,1,1,3
-0.1111111111,3,2,0
0.2222222222,1,4,0
-0.4444444444,1,2,2
-0.06172839506,1,2,0
0.04938271605,1,0,2
0.01234567901,3,0,0
-0.00176366843,1,0,0
0.3333333333,2,3,0
-0.6666666667,2,1,2
-0.03703703704,0,3,0
0.07407407407,0,1,2
-0.03703703704,2,1,0
0.005291005291,0,1,0
0.3333333333,2,3,0
-0.3333333333,0,3,2
-0.1111111111,2,1,0
0.1111111111,0,1,2
-0.3333333333,0,4,1
0.2222222222,0,2,1
-0.01587301587,0,0,1
0.3333333333,3,2,0
-0.6666666667,1,2,2
-0.03703703704,1,2,0
-0.03703703704,3,0,0
0.07407407407,1,0,2
0.005291005291,1,0,0
-0.6666666667,1,3,1
0.2222222222,1,1,1
-1,2,2,1
0.1111111111,0,2,1
0.1111111111,2,0,1
-0.01587301587,0,0,1
-0.2222222222,3,2,0
0.1111111111,1,2,2
0.1111111111,1,4,0
0.02469135802,3,0,0
-0.01234567901,1,0,2
-0.01234567901,1,2,0
-0.003527336861,1,0,0
0.1111111111,4,0,1
0.1111111111,2,2,1
-0.2222222222,2,0,3
-0.01234567901,2,0,1
-0.01234567901,0,2,1
0.02469135802,0,0,3
-0.003527336861,0,0,1
-0.1111111111,4,1,0
-0.1111111111,2,1,2
0.2222222222,2,3,0
0.01234567901,2,1,0
-0.02469135802,0,3,0
0.01234567901,0,1,2
0.003527336861,0,1,0
0.3333333333,3,2,0
-0.3333333333,3,0,2
-0.1111111111,1,2,0
0.1111111111,1,0,2
0.2222222222,4,1,0
-0.1111111111,2,3,0
-0.4444444444,2,1,2
-0.06172839506,2,1,0
0.04938271605,0,1,2
0.01234567901,0,3,0
-0.00176366843,0,1,0
-0.3333333333,2,2,1
0.03703703704,2,0,1
0.03703703704,0,2,1
-0.005291005291,0,0,1
-0.6666666667,3,1,1
0.2222222222,1,1,1
-0.1111111111,5,0,0
0.2222222222,3,0,2
0.2222222222,3,2,0
0.07407407407,3,0,0
-0.07407407407,1,0,2
-0.07407407407,1,2,0
-0.005291005291,1,0,0
0.3333333333,4,1,0
-0.2222222222,2,1,0
0.01587301587,0,1,0
-0.3333333333,4,0,1
0.2222222222,2,0,1
-0.01587301587,0,0,1
0.08333333333,0,5,0
0.1523809524,0,3,2
-0.1095238095,0,3,0
-0.05079365079,0,1,2
0.02709750567,0,1,0
0.1047619048,0,4,1
-0.06984126984,0,2,1
0.004988662132,0,0,1
0.08333333333,1,4,0
0.1285714286,1,2,2
-0.06984126984,1,2,0
-0.01428571429,1,0,2
0.006009070295,1,0,0
0.1523809524,1,3,1
-0.05079365079,1,1,1
0.08333333333,2,3,0
0.03333333333,2,1,2
-0.03148148148,2,1,0
-0.001322751323,0,3,0
0.02010582011,0,1,2
0.001095993953,0,1,0
-0.07142857143,0,3,2
0.1285714286,2,2,1
-0.01428571429,2,0,1
0.03333333333,0,2,1
-0.001360544218,0,0,1
-0.07142857143,0,4,1
0.08333333333,3,2,0
-0.003968253968,1,2,0
0.005555555556,3,0,0
-0.005782312925,1,0,0
-0.2142857143,1,2,2
0.06825396825,1,0,2
-0.1333333333,3,0,2
0.03333333333,3,1,1
0.06031746032,1,1,1
-0.2142857143,1,3,1
-0.4285714286,2,2,1
0.1365079365,2,0,1
0.04761904762,0,2,1
-0.01315192744,0,0,1
-0.1333333333,4,0,1
0.1357142857,0,4,1
-0.09047619048,0,2,1
0.006462585034,0,0,1
0.1714285714,0,5,0
-0.1904761905,0,3,0
0.04081632653,0,1,0
0.02857142857,1,3,1
-0.009523809524,1,1,1
0.1357142857,1,4,0
-0.09047619048,1,2,0
0.006462585034,1,0,0
-0.15,2,2,1
0.06428571429,0,2,1
0.01666666667,2,0,1
-0.005782312925,0,0,1
-0.07142857143,0,4,1
0.02857142857,2,3,0
-0.009523809524,2,1,0
0.07619047619,0,3,0
-0.0156462585,0,1,0
-0.07142857143,0,5,0
-0.2142857143,1,3,1
0.2047619048,1,1,1
-0.4,3,1,1
-0.15,3,2,0
0.1928571429,1,2,0
0.01666666667,3,0,0
-0.01734693878,1,0,0
-0.2142857143,1,4,0
-0.4285714286,2,3,0
0.4095238095,2,1,0
0.04761904762,0,3,0
-0.03945578231,0,1,0
-0.4,4,1,0
0.08333333333,1,4,0
0.03571428571,1,2,2
-0.05952380952,1,2,0
-0.003968253968,1,0,2
0.004535147392,1,0,0
-0.09523809524,1,3,1
0.03174603175,1,1,1
0.08333333333,2,3,0
0.09523809524,2,1,2
0.08333333333,0,3,2
-0.03835978836,2,1,0
-0.01851851852,0,3,0
-0.03835978836,0,1,2
0.009448223734,0,1,0
0.03571428571,2,2,1
0.08333333333,0,4,1
-0.05952380952,0,2,1
-0.003968253968,2,0,1
0.004535147392,0,0,1
0.08333333333,3,2,0
0.08333333333,3,0,2
0.09523809524,1,2,2
-0.01851851852,3,0,0
-0.03835978836,1,2,0
-0.03835978836,1,0,2
0.009448223734,1,0,0
0.09523809524,3,1,1
0.09523809524,1,3,1
-0.06349206349,1,1,1
0.08333333333,4,1,0
0.03571428571,2,1,2
-0.05952380952,2,1,0
-0.003968253968,0,1,2
0.004535147392,0,1,0
0.08333333333,4,0,1
0.03571428571,2,2,1
-0.05952380952,2,0,1
-0.003968253968,0,2,1
0.004535147392,0,0,1
-0.09523809524,3,1,1
0.03174603175,1,1,1
0.1523809524,1,3,1
-0.05079365079,1,1,1
0.1047619048,1,4,0
-0.06984126984,1,2,0
0.004988662132,1,0,0
0.1285714286,2,2,1
0.08333333333,0,4,1
-0.01428571429,2,0,1
-0.06984126984,0,2,1
0.006009070295,0,0,1
0.1523809524,2,3,0
0.08333333333,0,5,0
-0.05079365079,2,1,0
-0.1095238095,0,3,0
0.02709750567,0,1,0
0.03333333333,3,1,1
0.09523809524,1,3,1
-0.04285714286,1,1,1
0.1285714286,3,2,0
0.09523809524,1,4,0
-0.01428571429,3,0,0
-0.1063492063,1,2,0
0.01065759637,1,0,0
0.03571428571,2,2,1
-0.003968253968,0,2,1
0.08492063492,2,0,1
-0.005782312925,0,0,1
-0.1333333333,4,0,1
0.03333333333,4,1,0
0.03571428571,2,3,0
-0.03412698413,2,1,0
-0.003968253968,0,3,0
0.003287981859,0,1,0
-0.09523809524,3,2,0
0.03174603175,1,2,0
0.1587301587,3,0,0
-0.03628117914,1,0,0
-0.1333333333,5,0,0
0.08333333333,2,3,0
-0.003968253968,2,1,0
0.005555555556,0,3,0
-0.005782312925,0,1,0
-0.2142857143,2,1,2
0.06825396825,0,1,2
-0.1333333333,0,3,2
-0.4285714286,2,2,1
0.1365079365,0,2,1
0.04761904762,2,0,1
-0.01315192744,0,0,1
-0.1333333333,0,4,1
0.08333333333,3,2,0
0.03333333333,1,2,2
-0.03148148148,1,2,0
-0.001322751323,3,0,0
0.02010582011,1,0,2
0.001095993953,1,0,0
-0.07142857143,3,0,2
0.03333333333,1,3,1
0.06031746032,1,1,1
-0.2142857143,3,1,1
0.08333333333,4,1,0
0.1285714286,2,1,2
-0.06984126984,2,1,0
-0.01428571429,0,1,2
0.006009070295,0,1,0
0.1285714286,2,2,1
-0.01428571429,0,2,1
0.03333333333,2,0,1
-0.001360544218,0,0,1
-0.07142857143,4,0,1
0.08333333333,5,0,0
0.1523809524,3,0,2
-0.1095238095,3,0,0
-0.05079365079,1,0,2
0.02709750567,1,0,0
0.1523809524,3,1,1
-0.05079365079,1,1,1
0.1047619048,4,0,1
-0.06984126984,2,0,1
0.004988662132,0,0,1
0.03571428571,2,2,1
-0.003968253968,2,0,1
0.08492063492,0,2,1
-0.005782312925,0,0,1
-0.1333333333,0,4,1
-0.09523809524,2,3,0
0.03174603175,2,1,0
0.1587301587,0,3,0
-0.03628117914,0,1,0
-0.1333333333,0,5,0
0.09523809524,3,1,1
0.03333333333,1,3,1
-0.04285714286,1,1,1
0.03571428571,3,2,0
0.03333333333,1,4,0
-0.03412698413,1,2,0
-0.003968253968,3,0,0
0.003287981859,1,0,0
0.08333333333,4,0,1
0.1285714286,2,2,1
-0.06984126984,2,0,1
-0.01428571429,0,2,1
0.006009070295,0,0,1
0.09523809524,4,1,0
0.1285714286,2,3,0
-0.1063492063,2,1,0
-0.01428571429,0,3,0
0.01065759637,0,1,0
0.1523809524,3,1,1
-0.05079365079,1,1,1
0.08333333333,5,0,0
0.1523809524,3,2,0
-0.1095238095,3,0,0
-0.05079365079,1,2,0
0.02709750567,1,0,0
0.1047619048,4,1,0
-0.06984126984,2,1,0
0.004988662132,0,1,0
-0.2142857143,3,1,1
0.2047619048,1,1,1
-0.4,1,3,1
-0.4285714286,3,2,0
0.4095238095,1,2,0
0.04761904762,3,0,0
-0.03945578231,1,0,0
-0.4,1,4,0
-0.15,2,2,1
0.06428571429,2,0,1
0.01666666667,0,2,1
-0.005782312925,0,0,1
-0.07142857143,4,0,1
-0.15,2,3,0
0.1928571429,2,1,0
0.01666666667,0,3,0
-0.01734693878,0,1,0
-0.2142857143,4,1,0
0.02857142857,3,1,1
-0.009523809524,1,1,1
0.02857142857,3,2,0
-0.009523809524,1,2,0
0.07619047619,3,0,0
-0.0156462585,1,0,0
-0.07142857143,5,0,0
0.1357142857,4,0,1
-0.09047619048,2,0,1
0.006462585034,0,0,1
0.1357142857,4,1,0
-0.09047619048,2,1,0
0.006462585034,0,1,0
0.1714285714,5,0,0
-0.1904761905,3,0,0
0.04081632653,1,0,0
-0.08333333333,1,4,1
0.04545454545,1,2,1
-0.002525252525,1,0,1
-0.3333333333,1,5,0
0.303030303,1,3,0
-0.05050505051,1,1,0
0.08333333333,0,5,1
-0.1666666667,0,3,3
-0.0303030303,0,3,1
0.04545454545,0,1,3
-0.002525252525,0,1,1
-0.25,2,4,0
0.08333333333,0,6,0
-0.1666666667,0,4,2
0.1363636364,2,2,0
-0.07575757576,0,4,0
0.09090909091,0,2,2
-0.007575757576,2,0,0
0.01262626263,0,2,0
-0.005050505051,0,0,2
0.08333333333,3,2,1
0.1666666667,1,4,1
-0.3333333333,1,2,3
-0.007575757576,3,0,1
-0.02272727273,1,2,1
0.0303030303,1,0,3
-0.002525252525,1,0,1
-0.1666666667,3,3,0
0.1666666667,1,5,0
-0.3333333333,1,3,2
0.04545454545,3,1,0
-0.07575757576,1,3,0
0.09090909091,1,1,2
0.1666666667,4,1,1
0.25,2,3,1
-0.5,2,1,3
-0.02272727273,2,1,1
-0.02272727273,0,3,1
0.04545454545,0,1,3
-0.002525252525,0,1,1
-0.08333333333,4,2,0
0.25,2,4,0
-0.5,2,2,2
-0.04545454545,2,2,0
0.04545454545,2,0,2
-0.02272727273,0,4,0
0.04545454545,0,2,2
0.007575757576,0,2,0
-0.005050505051,0,0,2
0.007575757576,4,0,0
-0.002525252525,2,0,0
0.3333333333,3,3,0
-0.6666666667,3,1,2
-0.09090909091,1,3,0
0.1818181818,1,1,2
-0.0303030303,3,1,0
0.0101010101,1,1,0
0.25,1,5,0
-0.2272727273,1,3,0
0.03787878788,1,1,0
0.25,2,4,0
-0.25,0,4,2
-0.1363636364,2,2,0
0.1363636364,0,2,2
0.007575757576,2,0,0
-0.007575757576,0,0,2
-0.25,0,5,1
0.2272727273,0,3,1
-0.03787878788,0,1,1
0.25,3,3,0
-0.5,1,3,2
-0.06818181818,3,1,0
0.1363636364,1,1,2
-0.02272727273,1,3,0
0.007575757576,1,1,0
-0.5,1,4,1
0.2727272727,1,2,1
-0.01515151515,1,0,1
0.25,4,2,0
-0.75,2,2,2
-0.06818181818,2,2,0
0.06818181818,0,2,2
-0.02272727273,4,0,0
0.06818181818,2,0,2
0.007575757576,2,0,0
-0.007575757576,0,0,2
-0.75,2,3,1
0.2045454545,2,1,1
0.06818181818,0,3,1
-0.02272727273,0,1,1
-1,3,2,1
0.2727272727,1,2,1
0.09090909091,3,0,1
-0.0303030303,1,0,1
-0.1666666667,2,3,1
-0.08333333333,0,5,1
0.25,0,3,3
0.02272727273,0,3,1
0.04545454545,2,1,1
-0.06818181818,0,1,3
0.005050505051,0,1,1
-0.3333333333,2,4,0
0.3333333333,0,4,2
0.1818181818,2,2,0
-0.1818181818,0,2,2
-0.0101010101,2,0,0
0.0101010101,0,0,2
-0.08333333333,3,2,1
0.08333333333,1,2,3
0.007575757576,3,0,1
-0.007575757576,1,0,3
-0.25,3,3,0
0.1666666667,1,3,2
0.08333333333,1,5,0
0.06818181818,3,1,0
-0.04545454545,1,1,2
-0.02272727273,1,3,0
-0.005050505051,1,1,0
0.08333333333,2,3,1
-0.08333333333,2,1,3
-0.007575757576,0,3,1
0.007575757576,0,1,3
-0.1666666667,4,2,0
0.1666666667,2,4,0
0.01515151515,4,0,0
-0.01515151515,0,4,0
-0.005050505051,2,0,0
0.005050505051,0,2,0
0.08333333333,5,0,1
0.1666666667,3,2,1
-0.25,3,0,3
-0.02272727273,3,0,1
-0.04545454545,1,2,1
0.06818181818,1,0,3
-0.005050505051,1,0,1
-0.08333333333,5,1,0
-0.1666666667,3,1,2
0.25,3,3,0
0.02272727273,3,1,0
-0.06818181818,1,3,0
0.04545454545,1,1,2
0.005050505051,1,1,0
0.3333333333,4,2,0
-0.3333333333,4,0,2
-0.1818181818,2,2,0
0.1818181818,2,0,2
0.0101010101,0,2,0
-0.0101010101,0,0,2
0.1666666667,2,4,0
-0.08333333333,0,6,0
0.25,0,4,2
-0.09090909091,2,2,0
0.07575757576,0,4,0
-0.1363636364,0,2,2
-0.01262626263,0,2,0
0.007575757576,0,0,2
0.005050505051,2,0,0
0.3333333333,0,5,1
-0.303030303,0,3,1
0.05050505051,0,1,1
0.1666666667,3,3,0
-0.08333333333,1,5,0
-0.04545454545,3,1,0
0.0303030303,1,3,0
0.002525252525,1,1,0
0.08333333333,1,4,1
-0.04545454545,1,2,1
0.002525252525,1,0,1
0.1666666667,4,2,0
-0.08333333333,2,4,0
-0.25,2,2,2
-0.01515151515,4,0,0
-0.02272727273,2,2,0
0.02272727273,2,0,2
0.02272727273,0,2,2
0.007575757576,0,4,0
0.005050505051,2,0,0
-0.002525252525,0,0,2
-0.002525252525,0,2,0
-0.1666666667,2,3,1
0.04545454545,2,1,1
0.01515151515,0,3,1
-0.005050505051,0,1,1
0.1666666667,5,1,0
-0.08333333333,3,3,0
-0.5,3,1,2
-0.08333333333,3,1,0
0.1363636364,1,1,2
0.02272727273,1,3,0
0.002525252525,1,1,0
-0.4166666667,3,2,1
0.03787878788,3,0,1
0.1136363636,1,2,1
-0.01262626263,1,0,1
-0.6666666667,4,1,1
0.3636363636,2,1,1
-0.0202020202,0,1,1
-0.1666666667,1,4,1
-0.25,3,2,1
0.5,1,2,3
0.02272727273,1,2,1
0.02272727273,3,0,1
-0.04545454545,1,0,3
0.002525252525,1,0,1
-0.3333333333,3,3,0
0.6666666667,1,3,2
0.09090909091,3,1,0
-0.1818181818,1,1,2
0.0303030303,1,3,0
-0.0101010101,1,1,0
-0.08333333333,2,3,1
-0.1666666667,4,1,1
0.3333333333,2,1,3
0.02272727273,2,1,1
0.007575757576,0,3,1
-0.0303030303,0,1,3
0.002525252525,0,1,1
-0.25,4,2,0
0.5,2,2,2
0.08333333333,2,4,0
0.04545454545,2,2,0
-0.04545454545,0,2,2
0.02272727273,4,0,0
-0.04545454545,2,0,2
-0.007575757576,2,0,0
0.005050505051,0,0,2
-0.007575757576,0,4,0
0.002525252525,0,2,0
-0.08333333333,5,0,1
0.1666666667,3,0,3
0.0303030303,3,0,1
-0.04545454545,1,0,3
0.002525252525,1,0,1
-0.1666666667,5,1,0
0.3333333333,3,1,2
0.1666666667,3,3,0
0.07575757576,3,1,0
-0.09090909091,1,1,2
-0.04545454545,1,3,0
0.08333333333,4,1,1
-0.04545454545,2,1,1
0.002525252525,0,1,1
-0.08333333333,6,0,0
0.1666666667,4,0,2
0.25,4,2,0
0.07575757576,4,0,0
-0.09090909091,2,0,2
-0.1363636364,2,2,0
-0.01262626263,2,0,0
0.007575757576,0,2,0
0.005050505051,0,0,2
0.3333333333,5,1,0
-0.303030303,3,1,0
0.05050505051,1,1,0
0.08333333333,3,3,0
-0.1666666667,1,5,0
0.5,1,3,2
0.08333333333,1,3,0
-0.1363636364,1,1,2
-0.02272727273,3,1,0
-0.002525252525,1,1,0
0.6666666667,1,4,1
-0.3636363636,1,2,1
0.0202020202,1,0,1
0.08333333333,4,2,0
-0.1666666667,2,4,0
0.25,2,2,2
0.02272727273,2,2,0
-0.02272727273,2,0,2
0.01515151515,0,4,0
-0.02272727273,0,2,2
-0.007575757576,4,0,0
-0.005050505051,0,2,0
0.002525252525,0,0,2
0.002525252525,2,0,0
0.4166666667,2,3,1
-0.1136363636,2,1,1
-0.03787878788,0,3,1
0.01262626263,0,1,1
0.08333333333,5,1,0
-0.1666666667,3,3,0
-0.0303030303,3,1,0
0.04545454545,1,3,0
-0.002525252525,1,1,0
0.1666666667,3,2,1
-0.01515151515,3,0,1
-0.04545454545,1,2,1
0.005050505051,1,0,1
0.08333333333,6,0,0
-0.1666666667,4,2,0
-0.25,4,0,2
-0.07575757576,4,0,0
0.09090909091,2,2,0
0.1363636364,2,0,2
0.01262626263,2,0,0
-0.007575757576,0,0,2
-0.005050505051,0,2,0
-0.08333333333,4,1,1
0.04545454545,2,1,1
-0.002525252525,0,1,1
-0.3333333333,5,0,1
0.303030303,3,0,1
-0.05050505051,1,0,1
-0.25,2,4,0
0.75,2,2,2
0.06818181818,2,2,0
-0.06818181818,2,0,2
0.02272727273,0,4,0
-0.06818181818,0,2,2
-0.007575757576,0,2,0
0.007575757576,0,0,2
1,2,3,1
-0.2727272727,2,1,1
-0.09090909091,0,3,1
0.0303030303,0,1,1
-0.25,3,3,0
0.5,3,1,2
0.06818181818,1,3,0
-0.1363636364,1,1,2
0.02272727273,3,1,0
-0.007575757576,1,1,0
0.75,3,2,1
-0.2045454545,1,2,1
-0.06818181818,3,0,1
0.02272727273,1,0,1
-0.25,4,2,0
0.25,4,0,2
0.1363636364,2,2,0
-0.1363636364,2,0,2
-0.007575757576,0,2,0
0.007575757576,0,0,2
0.5,4,1,1
-0.2727272727,2,1,1
0.01515151515,0,1,1
-0.25,5,1,0
0.2272727273,3,1,0
-0.03787878788,1,1,0
0.25,5,0,1
-0.2272727273,3,0,1
0.03787878788,1,0,1
0.0625,0,6,0
0.1339285714,0,4,2
-0.0974025974,0,4,0
-0.07305194805,0,2,2
0.03652597403,0,2,0
0.004058441558,0,0,2
-0.001932591218,0,0,0
0.1071428571,0,5,1
-0.0974025974,0,3,1
0.01623376623,0,1,1
0.0625,1,5,0
0.08928571429,1,3,2
-0.06493506494,1,3,0
-0.02435064935,1,1,2
0.01217532468,1,1,0
0.1339285714,1,4,1
-0.07305194805,1,2,1
0.004058441558,1,0,1
0.0625,2,4,0
-0.02678571429,2,2,2
-0.03165584416,2,2,0
0.0008116883117,0,4,0
0.0413961039,0,2,2
-0.0008116883117,0,2,0
0.002435064935,2,0,2
0.001623376623,2,0,0
-0.002435064935,0,0,2
7.730364873E-5,0,0,0
-0.07142857143,0,4,2
0.08928571429,2,3,1
-0.02435064935,2,1,1
0.05681818182,0,3,1
-0.008116883117,0,1,1
-0.07142857143,0,5,1
0.0625,3,3,0
0.002435064935,1,3,0
0.002435064935,3,1,0
-0.007305194805,1,1,0
-0.2142857143,1,3,2
0.1168831169,1,1,2
-0.2142857143,3,1,2
-0.02678571429,3,2,1
0.1241883117,1,2,1
0.002435064935,3,0,1
-0.007305194805,1,0,1
-0.2142857143,1,4,1
-0.4285714286,2,3,1
0.2337662338,2,1,1
0.03896103896,0,3,1
-0.01948051948,0,1,1
-0.2142857143,4,1,1
0.1428571429,0,6,0
-0.1948051948,0,4,0
0.06493506494,0,2,0
-0.003092145949,0,0,0
1.526556659E-16,1,4,1
-1.222980051E-16,1,2,1
-1.040834086E-17,1,0,1
0.1071428571,1,5,0
-0.0974025974,1,3,0
0.01623376623,1,1,0
-0.1785714286,2,3,1
0.08116883117,0,3,1
0.0487012987,2,1,1
-0.01623376623,0,1,1
-0.07142857143,0,5,1
1.526556659E-16,2,4,0
-1.222980051E-16,2,2,0
0.0974025974,0,4,0
-0.03246753247,0,2,0
-1.040834086E-17,2,0,0
0.001546072975,0,0,0
-0.07142857143,0,6,0
-0.2142857143,1,4,1
0.2337662338,1,2,1
-0.01948051948,1,0,1
-0.4285714286,3,2,1
0.03896103896,3,0,1
-0.1785714286,3,3,0
0.2435064935,1,3,0
0.0487012987,3,1,0
-0.0487012987,1,1,0
-0.2142857143,1,5,0
-0.4285714286,2,4,0
0.4675324675,2,2,0
0.03896103896,0,4,0
-0.03896103896,0,2,0
-0.03896103896,2,0,0
0.003710575139,0,0,0
-0.4285714286,4,2,0
0.03896103896,4,0,0
0.0625,2,4,0
0.1071428571,2,2,2
0.0625,0,4,2
-0.04383116883,2,2,0
-0.00974025974,2,0,2
-0.01136363636,0,4,0
-0.04383116883,0,2,2
0.002976190476,2,0,0
0.008658008658,0,2,0
0.002976190476,0,0,2
-0.0006957328386,0,0,0
0.08928571429,2,3,1
0.0625,0,5,1
-0.02435064935,2,1,1
-0.06493506494,0,3,1
0.01217532468,0,1,1
0.0625,3,3,0
0.05357142857,3,1,2
0.05357142857,1,3,2
-0.02191558442,3,1,0
-0.02191558442,1,3,0
-0.02922077922,1,1,2
0.008928571429,1,1,0
0.1071428571,3,2,1
0.05357142857,1,4,1
-0.00974025974,3,0,1
-0.05844155844,1,2,1
0.00487012987,1,0,1
0.0625,4,2,0
-0.02678571429,2,2,2
-0.03165584416,2,2,0
0.002435064935,0,2,2
0.001623376623,0,2,0
0.0008116883117,4,0,0
0.0413961039,2,0,2
-0.0008116883117,2,0,0
-0.002435064935,0,0,2
7.730364873E-5,0,0,0
-0.07142857143,4,0,2
0.05357142857,4,1,1
-0.02678571429,2,3,1
-0.02191558442,2,1,1
0.002435064935,0,3,1
0.0008116883117,0,1,1
-0.1785714286,3,2,1
0.0487012987,1,2,1
0.08116883117,3,0,1
-0.01623376623,1,0,1
-0.07142857143,5,0,1
0.1339285714,2,4,0
0.0625,0,6,0
-0.07305194805,2,2,0
-0.0974025974,0,4,0
0.004058441558,2,0,0
0.03652597403,0,2,0
-0.001932591218,0,0,0
-0.02678571429,3,2,1
0.05357142857,1,4,1
-0.02191558442,1,2,1
0.002435064935,3,0,1
0.0008116883117,1,0,1
0.08928571429,3,3,0
0.05357142857,1,5,0
-0.02435064935,3,1,0
-0.07305194805,1,3,0
0.01623376623,1,1,0
-0.02678571429,2,3,1
0.002435064935,0,3,1
0.1241883117,2,1,1
-0.007305194805,0,1,1
-0.2142857143,4,1,1
-0.02678571429,4,2,0
-0.02678571429,2,4,0
0.02922077922,2,2,0
0.002435064935,0,4,0
-0.002435064935,0,2,0
0.002435064935,4,0,0
-0.002435064935,2,0,0
0.0002319109462,0,0,0
-0.1785714286,3,3,0
0.0487012987,1,3,0
0.2435064935,3,1,0
